connect 'jdbc:derby:housingDB;create=true';
drop table hdb2021;
create table hdb2021 (
housing_id int,
size int,
state varchar(3),
january int,
february int,
march int,
april int,
may int,
june int,
july int,
august int,
september int,
october int,
november int,
december int
);
insert into hdb2021 values (394913,1,'NY',664600,669933,673300,675296,675296,669629,660667,648667,642333,639333,642667,646000);
insert into hdb2021 values (753899,2,'CA',997667,999333,1009666,1012865,1012865,1002698,994833,977833,957667,945967,946300,949967);
insert into hdb2021 values (394463,3,'IL',332830,332997,338300,346633,353267,355633,355633,349000,341633,334933,329933,323963);
insert into hdb2021 values (394514,4,'TX',353254,354894,360564,369633,380203,389415,395752,398545,400663,402330,407330,413997);
insert into hdb2021 values (394974,5,'PA',328333,325000,326633,333300,339967,346000,342667,337633,331600,329933,329633,327900);
insert into hdb2021 values (394692,6,'TX',332993,332663,337993,345660,356493,365497,371922,372888,371488,371233,371763,371827);
insert into hdb2021 values (395209,7,'DC',522967,522800,522833,529833,536633,543300,539963,533330,526663,525997,526993,528627);
insert into hdb2021 values (394856,8,'FL',401633,399633,401300,409667,423333,438333,453000,463000,472667,479598,487931,494931);
insert into hdb2021 values (394347,9,'GA',349933,351567,358267,374633,389633,401267,403767,404133,402500,400333,400000,399967);
insert into hdb2021 values (394404,10,'MA',665667,672633,684633,693600,696933,698266,692933,677933,668233,667933,674633,681333);
insert into hdb2021 values (395057,11,'CA',990896,987600,987667,992000,994000,996000,983333,964667,942667,931000,917667,906333);
insert into hdb2021 values (394532,12,'MI',265267,267761,277761,290761,301300,304633,301333,291117,277783,262783,249967,238300);
insert into hdb2021 values (395025,13,'CA',491667,493333,494983,506650,520983,536000,544300,548300,549933,551600,553233,553267);
insert into hdb2021 values (394976,14,'AZ',401300,404297,412497,422497,436500,448000,458330,464663,468327,471330,474963,478300);
insert into hdb2021 values (395078,15,'WA',638333,653333,670000,686650,698313,704163,704163,695833,693315,690053,689703,683038);
insert into hdb2021 values (394865,16,'MN',371321,379760,387963,392797,392963,389633,387967,383000,378333,374633,374633,379633);
insert into hdb2021 values (395056,17,'CA',814966,831666,842000,856333,856300,855967,848967,845667,842633,842967,846300,849666);
insert into hdb2021 values (395121,18,'MO',248300,253167,261833,271833,275300,274633,267933,259633,253267,248267,244900,244267);
insert into hdb2021 values (395148,19,'FL',302667,302003,307537,317700,333628,347661,360168,368503,374837,379667,386633,393300);
insert into hdb2021 values (394358,20,'MD',341567,343430,353130,363130,372933,374933,374967,368300,362967,355967,349333,342967);
insert into hdb2021 values (394530,21,'CO',527800,538300,550000,567633,584300,599300,606667,611420,613087,616420,620000,626667);
insert into hdb2021 values (394982,22,'PA',234600,237933,244567,251567,256567,256567,249600,239600,232600,227933,224600,218300);
insert into hdb2021 values (394998,23,'OR',523681,527971,536000,551667,573333,589667,594667,589333,581333,574667,571983,571983);
insert into hdb2021 values (394458,24,'NC',369667,371333,376997,387297,398597,406266,408560,405594,403924,406630,409963,409967);
insert into hdb2021 values (395045,25,'CA',585490,587422,583000,586667,597663,612630,620963,619967,618333,617650,620983,628647);
insert into hdb2021 values (395055,26,'TX',288800,289830,293827,299657,304990,314490,327823,340793,346297,345967,342667,341330);
insert into hdb2021 values (394943,27,'FL',330000,328833,331163,337493,344952,355955,367092,378300,384933,391467,396133,399467);
insert into hdb2021 values (394466,28,'OH',312897,321230,332263,346233,360633,366267,361630,348597,337297,331967,330497,333457);
insert into hdb2021 values (394475,29,'OH',191300,199130,212763,229430,238233,237933,231165,221165,211465,201567,196900,193600);
insert into hdb2021 values (394735,30,'MO',344117,356050,371900,386567,394433,394567,388266,374633,364633,361300,366633,379667);
insert into hdb2021 values (394775,31,'NV',345997,345666,355666,373666,398000,417967,428300,437967,446300,459300,467967,478000);
insert into hdb2021 values (394492,32,'OH',324663,328663,336585,344939,349609,349688,349333,345967,339630,336597,339963,349963);
insert into hdb2021 values (394705,33,'IN',277667,280119,288119,296117,301997,302428,301396,301728,304263,306295,307965,311965);
insert into hdb2021 values (395059,34,'CA',1216317,1216317,1236279,1252963,1269596,1283298,1296632,1286665,1280000,1268520,1245187,1218187);
insert into hdb2021 values (394355,35,'TX',402015,412351,429997,454663,476330,492633,502267,505930,514293,519993,524993,524993);
insert into hdb2021 values (395194,36,'VA',302883,299930,302297,307330,310667,310000,306625,303291,301625,300000,300000,300000);
insert into hdb2021 values (394902,37,'TN',385489,391544,399630,412663,424966,438300,448300,451633,451633,454967,460000,463300);
insert into hdb2021 values (395005,38,'RI',396607,407136,407967,413300,413000,426333,436333,441633,438300,436600,433266,431600);
insert into hdb2021 values (394862,39,'WI',225000,223300,224933,229900,236567,236567,229933,218300,211633,207600,204233,199267);
insert into hdb2021 values (394714,40,'FL',307967,311333,317330,328327,340657,348643,352157,354494,359177,363667,366997,369863);
insert into hdb2021 values (394849,41,'TN',242364,239669,243000,247333,255727,259360,261493,261600,263300,266667,268333,266667);
insert into hdb2021 values (394935,42,'OK',291828,295002,303190,314223,321610,323033,319700,314605,310348,306512,306888,311336);
insert into hdb2021 values (394807,43,'KY',259497,264963,273627,283263,289963,293297,292327,288960,282297,278300,275000,275000);
insert into hdb2021 values (394669,44,'CT',330505,332681,339900,349415,352748,349115,339633,331333,326667,324967,324967,329933);
insert into hdb2021 values (395022,45,'VA',389617,393750,397279,399279,400075,396247,389563,382963,380613,382587,388557,399237);
insert into hdb2021 values (394910,46,'LA',297667,296333,296666,304966,314966,324633,326333,324333,321300,321300,324933,327967);
insert into hdb2021 values (394425,47,'NY',229193,236212,246600,259930,266597,266597,259900,249900,243233,238233,234900,231600);
insert into hdb2021 values (395012,48,'NC',390326,393899,399873,405923,411283,415398,420348,424983,427902,428235,428325,428492);
insert into hdb2021 values (394388,49,'AL',277667,279867,281833,287403,293170,295537,293217,290250,289550,294250,299217,301883);
insert into hdb2021 values (395053,50,'UT',507098,507098,507098,507098,507098,507098,507098,507098,507098,507098,507098,507098);
insert into hdb2021 values (395031,51,'NY',260866,274778,280733,282400,273233,261600,253267,245596,236263,226263,220600,218267);
insert into hdb2021 values (394640,52,'MI',324967,334300,343967,353933,361600,369567,376267,378267,377267,372567,370233,372935);
insert into hdb2021 values (395167,53,'AZ',325967,334317,347617,363257,373940,380640,381333,379667,374667,370000,367779,367723);
insert into hdb2021 values (753924,54,'HI',599333,599333,599333,599333,599333,599333,599333,599333,599333,599333,599333,599333);
insert into hdb2021 values (395169,55,'OK',274747,274747,287413,299830,311118,303484,295788,288167,287931,288398,286398,283300);
insert into hdb2021 values (394619,56,'CA',390612,389093,391300,399667,413000,423000,424667,421667,423000,429629,437771,446438);
insert into hdb2021 values (395238,57,'MA',391300,391300,391300,391300,391300,391300,391300,391300,391300,391300,391300,391300);
insert into hdb2021 values (394415,58,'CT',744750,782071,812633,829000,820967,806300,784633,738167,701500,683167,697667,712633);
insert into hdb2021 values (394312,59,'NM',337725,339118,344752,351088,360422,365633,368967,369600,371300,378544,383987,385987);
insert into hdb2021 values (394308,60,'NY',298738,298738,298738,298738,298738,298738,298738,298738,298738,298738,298738,298738);
insert into hdb2021 values (394938,61,'NE',318815,325641,332740,339373,339222,332555,322555,315000,311667,313300,316633,331630);
insert into hdb2021 values (394908,62,'CT',320292,317980,323300,337967,349633,356267,351567,344900,338267,336600,336600,336567);
insert into hdb2021 values (394357,63,'CA',288776,286276,291467,299800,311467,318300,324633,323000,323000,323300,331800,341767);
insert into hdb2021 values (394753,64,'TN',299933,301263,309297,332630,351267,359933,349933,343967,343600,341933,338597,335597);
insert into hdb2021 values (394653,65,'SC',279942,279967,286033,298879,308913,318179,322967,328796,332130,330829,326663,322996);
insert into hdb2021 values (394952,66,'CA',862667,862667,862667,862667,862667,862667,862667,862667,862667,862667,862667,862667);
insert into hdb2021 values (394318,67,'PA',323232,329384,337103,343737,346630,342967,337538,331172,335172,338633,341667,342633);
insert into hdb2021 values (394561,68,'TX',213814,228650,231983,235317,241500,247817,251983,252133,251800,252950,255967,259300);
insert into hdb2021 values (394367,69,'LA',269547,271133,276133,284800,294300,299333,300967,299533,299200,299233,306300,316630);
insert into hdb2021 values (394521,70,'OH',216600,224600,230967,239333,243000,248300,248267,244896,238263,229929,224933,223933);
insert into hdb2021 values (394843,71,'TX',225997,225997,230963,238300,244633,249633,252967,256300,256997,258663,258963,258300);
insert into hdb2021 values (394486,72,'SC',241923,243927,248633,254600,260377,264344,268510,271433,275800,279467,284133,287933);
insert into hdb2021 values (394648,73,'NC',267267,268567,273930,279960,286960,293597,300930,306963,308997,310133,315797,326460);
insert into hdb2021 values (394304,74,'OH',166567,168450,177383,189950,201417,207600,206733,203417,198333,193967,189467,181833);
insert into hdb2021 values (753906,75,'FL',384467,384467,384467,384467,384467,384467,384467,384467,384467,384467,384467,384467);
insert into hdb2021 values (394798,76,'AR',213877,214424,221633,227300,232267,232300,233300,233333,231500,229833,228167,224967);
insert into hdb2021 values (395134,77,'CA',488448,493448,493650,506983,520333,544667,561333,572667,569667,562650,562967,572950);
insert into hdb2021 values (394457,78,'SC',410630,417297,426660,438625,456958,472815,475853,463827,443974,435640,431330,432963);
insert into hdb2021 values (395143,79,'NY',182880,182880,186213,193233,201600,208300,208300,199633,187966,181300,178266,176567);
insert into hdb2021 values (394484,80,'CO',461434,461434,461434,461434,461434,461434,461434,461434,461434,461434,461434,461434);
insert into hdb2021 values (395235,81,'NC',278277,278243,281043,282767,286100,291100,295567,297930,298462,302328,307465,312463);
insert into hdb2021 values (395224,82,'KS',229500,236967,246600,252867,247867,237900,228300,221667,219167,223833,232133,241300);
insert into hdb2021 values (395115,83,'MA',301800,301833,316633,339633,351300,353000,344966,338267,331600,321300,311333,304667);
insert into hdb2021 values (394440,84,'FL',271379,271379,271379,271379,271379,271379,271379,271379,271379,271379,271379,271379);
insert into hdb2021 values (394399,85,'ID',461067,469297,482967,505253,528586,550986,559768,558072,550635,548233,549600,559600);
insert into hdb2021 values (395160,86,'OH',187667,192950,198600,201933,202950,202267,201967,193800,183800,173133,167267,163633);
insert into hdb2021 values (394816,87,'WI',358933,366532,369866,370166,373233,374933,376633,373300,369967,368267,371600,379900);
insert into hdb2021 values (394766,88,'FL',258007,260727,265699,275699,287873,299508,306208,310750,315100,320529,325909,330256);
insert into hdb2021 values (394931,89,'UT',452163,452163,452163,452163,452163,452163,452163,452163,452163,452163,452163,452163);
insert into hdb2021 values (394528,90,'FL',296500,300330,305330,314997,323663,333660,339323,344493,347797,352467,355967,357663);
insert into hdb2021 values (394531,91,'IA',271333,274967,280633,288967,298967,307963,315110,316810,316710,314897,316547,319983);
insert into hdb2021 values (395006,100,'UT',496282,498782,496567,502267,513630,533663,544330,549667,549255,547905,549538,558617);
insert into hdb2021 values (394549,104,'NC',425254,427684,436667,457525,475825,489158,484967,481572,478422,479995,481456,479572);
insert into hdb2021 values (394602,159,'CO',464440,464440,464440,464440,464440,464440,464440,464440,464440,464440,464440,464440);
