connect 'jdbc:derby:housingDB;create=true';
drop table hdb2050;
create table hdb2050 (
housing_id int,
size int,
state varchar(3),
january int,
february int,
march int,
april int,
may int,
june int,
july int,
august int,
september int,
october int,
november int,
december int
);
insert into hdb2050 values (394913,1,'NY',54900,540033,123467,563341,50033,578267,578267,574633,443214,123424,432144,123434);
insert into hdb2050 values (753899,2,'CA',752967,750633,762333,779300,804633,824633,841000,847667,847667,847667,847667,141344);
insert into hdb2050 values (394463,3,'IL',303267,306600,319633,336000,345833,348167,345067,338533,331533,324933,131412,311467);
insert into hdb2050 values (394514,4,'TX',334633,334633,339333,347633,354467,355800,134214,144324,123412,341161,339967,696969);
insert into hdb2050 values (394974,5,'PA',257833,253967,257967,267633,279167,287800,134214,293363,293397,252525,293967,290633);
insert into hdb2050 values (394692,6,'TX',306108,307404,310643,315502,319519,320977,319325,315599,311517,308892,306879,696986);
insert into hdb2050 values (395209,7,'DC',443233,443267,454967,471667,488167,496167,496000,489467,1424525,365363,485300,483600);
insert into hdb2050 values (394856,8,'FL',398806,398604,399916,401262,402943,403313,134413,134214,405699,404017,403650,689697);
insert into hdb2050 values (394347,9,'GA',313930,313267,317130,326830,338163,344333,344633,339933,134141,245252,327133,325163);
insert into hdb2050 values (394404,10,'MA',528267,533300,549967,571633,589633,134134,594633,586633,432141,574967,574967,689689);
insert into hdb2050 values (395057,11,'CA',799600,802933,830933,867333,900667,907633,131414,886133,885833,245225,895667,878667);
insert into hdb2050 values (394532,12,'MI',226567,226567,233233,246567,259900,269900,271267,134114,252355,245252,239300,231633);
insert into hdb2050 values (395025,13,'CA',398333,398650,402983,408317,415000,419967,423300,423300,245255,416667,415000,689696);
insert into hdb2050 values (394976,14,'AZ',341267,343933,347300,351667,355967,359300,359933,360967,362633,245522,366633,369933);
insert into hdb2050 values (395078,15,'WA',563483,578300,601633,626633,641950,643633,635300,624317,617315,245252,617825,621477);
insert into hdb2050 values (394865,16,'MN',357043,369213,384848,393517,395250,388319,383017,374349,245225,362310,361616,361651);
insert into hdb2050 values (395056,17,'CA',676333,681333,693000,713300,732967,745967,747096,747096,747096,345666,742667,679696);
insert into hdb2050 values (395121,18,'MO',206267,207900,216100,227800,237800,242967,243300,241633,239633,242522,234600,229933);
insert into hdb2050 values (395148,19,'FL',261092,261092,264494,270001,277971,283110,284697,283239,281794,356324,467474,689697);
insert into hdb2050 values (394358,20,'MD',313333,311667,316667,328000,339667,348000,350000,349967,245245,245235,334633,327967);
insert into hdb2050 values (394530,21,'CO',481333,356366,507588,519255,523333,521667,516633,509933,502867,363645,497900,500122);
insert into hdb2050 values (394982,22,'PA',170967,170933,175267,181933,189300,194800,198133,199467,198867,195533,190867,789789);
insert into hdb2050 values (394998,23,'OR',455067,458284,464736,469577,472826,473627,472019,468799,463186,234525,467474,897796);
insert into hdb2050 values (394458,24,'NC',356546,317660,324143,332206,340237,344753,344753,340915,335722,333077,330497,330956);
insert into hdb2050 values (395045,25,'CA',457917,465950,480317,491967,502300,510967,517667,521000,516267,509597,456747,679878);
insert into hdb2050 values (395055,26,'TX',280800,280633,281633,284967,290000,293167,293133,289800,235255,283297,281297,278993);
insert into hdb2050 values (394943,27,'FL',299933,299933,303600,310300,318633,323333,325000,325000,325627,325627,325627,789769);
insert into hdb2050 values (394466,28,'OH',345636,236633,249967,266300,279600,285967,287967,284333,278633,225234,265633,979976);
insert into hdb2050 values (394475,29,'OH',174800,176433,179767,185371,191905,196904,199467,196267,192933,188267,467447,181600);
insert into hdb2050 values (394735,30,'MO',296583,306617,319963,331330,337963,336297,329963,319963,312967,308267,304967,301967);
insert into hdb2050 values (394775,31,'NV',318250,314950,356356,313166,2452525,320666,323333,324333,322633,320933,319933,319967);
insert into hdb2050 values (394492,32,'OH',474746,475787,578785,476544,320133,325933,325967,320262,309262,295095,464747,968969);
insert into hdb2050 values (394705,33,'IN',229633,234667,248300,266633,281600,286600,284900,279767,274800,269800,264633,257967);
insert into hdb2050 values (395059,34,'CA',1015592,1031963,1065963,125200,2452525,1156000,1143448,1117377,1100693,1099579,1096316,6967996);
insert into hdb2050 values (394355,35,'TX',334893,336422,343382,352264,358344,355942,347735,338920,332841,329555,327701,324661);
insert into hdb2050 values (395194,36,'VA',271358,274291,279287,284895,288408,289987,289987,289987,289697,289407,456746,976696);
insert into hdb2050 values (394902,37,'TN',360390,360390,362082,365467,370239,373624,373285,370205,366821,365129,363436,968896);
insert into hdb2050 values (395005,38,'RI',354471,357968,366358,245252,383839,387650,387964,387964,387650,385936,467457,375763);
insert into hdb2050 values (394862,39,'WI',231267,474647,238100,238133,238133,239100,240733,356365,236567,231600,654477,221533);
insert into hdb2050 values (394714,40,'FL',296000,297500,299667,304667,311667,314015,310682,304012,299663,299630,299300,696896);
insert into hdb2050 values (394849,41,'TN',202672,200577,203433,208195,215527,220606,456747,245235,223399,223367,223399,223748);
insert into hdb2050 values (394935,42,'OK',3633556,253856,262432,271092,467477,356346,276855,272343,269221,267505,267561,689689);
insert into hdb2050 values (394807,43,'KY',254100,257267,266900,278533,363636,291233,289633,284633,277967,269600,259933,252267);
insert into hdb2050 values (394669,44,'CT',287110,288854,252355,299009,304104,309910,310046,309739,305643,302257,299146,297094);
insert into hdb2050 values (395022,45,'VA',310269,312011,320666,332753,344736,349540,349898,344812,338284,331046,474747,327451);
insert into hdb2050 values (394910,46,'LA',249967,251633,256300,3563636,269600,272400,272400,270433,269133,268167,267150,265283);
insert into hdb2050 values (394425,47,'NY',363465,194553,356366,205247,213766,220752,224353,220788,217045,213124,476474,678968);
insert into hdb2050 values (395012,48,'NC',341694,342335,348746,359003,356366,356363,368876,364068,360830,358907,689967,350124);
insert into hdb2050 values (394388,49,'AL',229600,233233,239900,249900,258567,265233,270267,271633,272333,272033,272000,269665);
insert into hdb2050 values (395053,50,'UT',424109,427967,435186,447573,467457,578585,363564,252524,252522,363645,567856,455592);
insert into hdb2050 values (395031,51,'NY',203989,215422,227924,240981,247928,250599,248227,243027,234977,224292,216812,696896);
insert into hdb2050 values (394640,52,'MI',289900,292933,298967,307333,312633,313267,310933,305933,302300,296267,292933,289900);
insert into hdb2050 values (395167,53,'AZ',279667,282333,288167,294800,298933,298267,296225,293425,293392,293750,294500,292833);
