connect 'jdbc:derby:housingDB;create=true';
drop table hdb2019;
create table hdb2019 (
housing_id int,
size int,
state varchar(3),
january int,
february int,
march int,
april int,
may int,
june int,
july int,
august int,
september int,
october int,
november int,
december int
);
insert into hdb2019 values (394913,1,'NY',549333,549333,554667,563333,573300,578267,578267,574633,573000,574333,577667,579000);
insert into hdb2019 values (753899,2,'CA',752967,750633,762333,779300,804633,824633,841000,847667,847667,847667,847667,849167);
insert into hdb2019 values (394463,3,'IL',303267,306600,319633,336000,345833,348167,345067,338533,331533,324933,319800,311467);
insert into hdb2019 values (394514,4,'TX',334633,334633,339333,347633,354467,355800,354000,348661,344327,341161,339967,338300);
insert into hdb2019 values (394974,5,'PA',257833,253967,257967,267633,279167,287800,293133,293363,293397,294030,293967,290633);
insert into hdb2019 values (394692,6,'TX',306108,307404,310643,315502,319519,320977,319325,315599,311517,308892,306879,304611);
insert into hdb2019 values (395209,7,'DC',443233,443267,454967,471667,488167,496167,496000,489467,484800,483600,485300,483600);
insert into hdb2019 values (394856,8,'FL',398806,398604,399916,401262,402943,403313,405332,405699,405699,404017,403650,403650);
insert into hdb2019 values (394347,9,'GA',313930,313267,317130,326830,338163,344333,344633,339933,334900,330433,327133,325163);
insert into hdb2019 values (394404,10,'MA',528267,533300,549967,571633,589633,596300,594633,586633,579933,574967,574967,574600);
insert into hdb2019 values (395057,11,'CA',799600,802933,830933,867333,900667,907633,904800,886133,885833,889000,895667,878667);
insert into hdb2019 values (394532,12,'MI',226567,226567,233233,246567,259900,269900,271267,267633,258667,248967,239300,231633);
insert into hdb2019 values (395025,13,'CA',398333,398650,402983,408317,415000,419967,423300,423300,420000,416667,415000,414733);
insert into hdb2019 values (394976,14,'AZ',341267,343933,347300,351667,355967,359300,359933,360967,362633,364333,366633,369933);
insert into hdb2019 values (395078,15,'WA',563483,578300,601633,626633,641950,643633,635300,624317,617315,615642,617825,621477);
insert into hdb2019 values (394865,16,'MN',357043,369213,384848,393517,395250,388319,383017,374349,369113,362310,361616,361651);
insert into hdb2019 values (395056,17,'CA',676333,681333,693000,713300,732967,745967,747096,747096,747096,745667,742667,742667);
insert into hdb2019 values (395121,18,'MO',206267,207900,216100,227800,237800,242967,243300,241633,239633,237933,234600,229933);
insert into hdb2019 values (395148,19,'FL',261092,261092,264494,270001,277971,283110,284697,283239,281794,281503,279883,277971);
insert into hdb2019 values (394358,20,'MD',313333,311667,316667,328000,339667,348000,350000,349967,346600,341600,334633,327967);
insert into hdb2019 values (394530,21,'CO',481333,492255,507588,519255,523333,521667,516633,509933,502867,497900,497900,500122);
insert into hdb2019 values (394982,22,'PA',170967,170933,175267,181933,189300,194800,198133,199467,198867,195533,190867,184967);
insert into hdb2019 values (394998,23,'OR',455067,458284,464736,469577,472826,473627,472019,468799,463186,459647,456434,456434);
insert into hdb2019 values (394458,24,'NC',315066,317660,324143,332206,340237,344753,344753,340915,335722,333077,330497,330956);
insert into hdb2019 values (395045,25,'CA',457917,465950,480317,491967,502300,510967,517667,521000,516267,509597,503230,504297);
insert into hdb2019 values (395055,26,'TX',280800,280633,281633,284967,290000,293167,293133,289800,286600,283297,281297,278993);
insert into hdb2019 values (394943,27,'FL',299933,299933,303600,310300,318633,323333,325000,325000,325627,325627,325627,325000);
insert into hdb2019 values (394466,28,'OH',232967,236633,249967,266300,279600,285967,287967,284333,278633,271967,265633,261333);
insert into hdb2019 values (394475,29,'OH',174800,176433,179767,185371,191905,196904,199467,196267,192933,188267,184933,181600);
insert into hdb2019 values (394735,30,'MO',296583,306617,319963,331330,337963,336297,329963,319963,312967,308267,304967,301967);
insert into hdb2019 values (394775,31,'NV',318250,314950,312483,313166,316500,320666,323333,324333,322633,320933,319933,319967);
insert into hdb2019 values (394492,32,'OH',264800,269967,286800,306800,320133,325933,325967,320262,309262,295095,285767,280133);
insert into hdb2019 values (394705,33,'IN',229633,234667,248300,266633,281600,286600,284900,279767,274800,269800,264633,257967);
insert into hdb2019 values (395059,34,'CA',1015592,1031963,1065963,1113000,1139333,1156000,1143448,1117377,1100693,1099579,1096316,1072450);
insert into hdb2019 values (394355,35,'TX',334893,336422,343382,352264,358344,355942,347735,338920,332841,329555,327701,324661);
insert into hdb2019 values (395194,36,'VA',271358,274291,279287,284895,288408,289987,289987,289987,289697,289407,289407,289697);
insert into hdb2019 values (394902,37,'TN',360390,360390,362082,365467,370239,373624,373285,370205,366821,365129,363436,361436);
insert into hdb2019 values (395005,38,'RI',354471,357968,366358,376532,383839,387650,387964,387964,387650,385936,382440,375763);
insert into hdb2019 values (394862,39,'WI',231267,234467,238100,238133,238133,239100,240733,240867,236567,231600,226500,221533);
insert into hdb2019 values (394714,40,'FL',296000,297500,299667,304667,311667,314015,310682,304012,299663,299630,299300,298628);
insert into hdb2019 values (394849,41,'TN',202672,200577,203433,208195,215527,220606,223780,223748,223399,223367,223399,223748);
insert into hdb2019 values (394935,42,'OK',249121,253856,262432,271092,277676,279083,276855,272343,269221,267505,267561,267561);
insert into hdb2019 values (394807,43,'KY',254100,257267,266900,278533,287567,291233,289633,284633,277967,269600,259933,252267);
insert into hdb2019 values (394669,44,'CT',287110,288854,292307,299009,304104,309910,310046,309739,305643,302257,299146,297094);
insert into hdb2019 values (395022,45,'VA',310269,312011,320666,332753,344736,349540,349898,344812,338284,331046,327563,327451);
insert into hdb2019 values (394910,46,'LA',249967,251633,256300,262967,269600,272400,272400,270433,269133,268167,267150,265283);
insert into hdb2019 values (394425,47,'NY',194161,194553,198118,205247,213766,220752,224353,220788,217045,213124,209560,206316);
insert into hdb2019 values (395012,48,'NC',341694,342335,348746,359003,368587,371793,368876,364068,360830,358907,354932,350124);
insert into hdb2019 values (394388,49,'AL',229600,233233,239900,249900,258567,265233,270267,271633,272333,272033,272000,269665);
insert into hdb2019 values (395053,50,'UT',424109,427967,435186,447573,458189,465126,463374,458101,452934,451147,452017,455592);
insert into hdb2019 values (395031,51,'NY',203989,215422,227924,240981,247928,250599,248227,243027,234977,224292,216812,209724);
insert into hdb2019 values (394640,52,'MI',289900,292933,298967,307333,312633,313267,310933,305933,302300,296267,292933,289900);
insert into hdb2019 values (395167,53,'AZ',279667,282333,288167,294800,298933,298267,296225,293425,293392,293750,294500,292833);
insert into hdb2019 values (753924,54,'HI',669500,672167,673667,669833,670167,670333,670333,669000,661000,654967,649633,647967);
insert into hdb2019 values (395169,55,'OK',206352,209158,215114,222300,228847,231965,233493,232714,233415,234974,237312,238482);
insert into hdb2019 values (394619,56,'CA',325893,324478,326204,334531,344922,355279,363333,364714,364369,359708,355044,351902);
insert into hdb2019 values (395238,57,'MA',314333,316333,326300,339933,351567,359900,360933,357600,352300,348933,346967,344600);
insert into hdb2019 values (394415,58,'CT',727478,730993,743329,757037,764804,755666,738409,713103,695880,690644,695916,700801);
insert into hdb2019 values (394312,59,'NM',263406,266816,272069,278957,282953,286159,287709,288610,288503,288641,288471,287093);
insert into hdb2019 values (394308,60,'NY',263300,263448,267122,272317,276029,277921,280111,279777,276066,272392,271278,273097);
insert into hdb2019 values (394938,61,'NE',286581,295028,308475,321218,327891,324928,321073,316077,310287,300762,292681,289663);
insert into hdb2019 values (394908,62,'CT',300083,301793,308735,319203,324437,324474,319205,313971,308562,305073,303014,301444);
insert into hdb2019 values (394357,63,'CA',247770,246327,248568,255306,261722,264966,265961,265319,263394,258871,256272,254957);
insert into hdb2019 values (394753,64,'TN',265967,266967,270600,279233,289900,296567,301600,301600,301300,296267,289600,283233);
insert into hdb2019 values (394653,65,'SC',258665,259808,265111,273046,279712,280726,277234,271013,267553,266252,266204,264934);
insert into hdb2019 values (394952,66,'CA',688316,691333,701000,712333,725667,739300,749633,761633,774667,784505,784172,780838);
insert into hdb2019 values (394318,67,'PA',249990,251469,257019,264473,271835,275572,279267,279267,278398,274702,272520,269653);
insert into hdb2019 values (394561,68,'TX',193086,196077,198729,200669,202660,204262,204262,203514,202820,202838,204279,204279);
insert into hdb2019 values (394367,69,'LA',240100,241600,243967,248633,253333,256000,254667,251050,247683,245668,243918,242285);
insert into hdb2019 values (394521,70,'OH',154922,155792,161233,166728,175433,182687,191754,195744,193930,187433,182754,179885);
insert into hdb2019 values (394843,71,'TX',189967,192633,195833,200833,204167,207335,207335,204669,201500,199833,199833,199967);
insert into hdb2019 values (394486,72,'SC',224177,225285,227660,231143,234468,236526,233644,229212,224747,221581,218889,216705);
insert into hdb2019 values (394648,73,'NC',248300,251633,259933,269600,279600,281267,279233,270762,268295,265422,263996,261830);
insert into hdb2019 values (394304,74,'OH',151567,151600,155633,160633,167300,173267,177892,177859,173892,169267,163600,157567);
insert into hdb2019 values (753906,75,'FL',356333,357997,362663,367997,374333,378000,379333,377872,374206,372839,374300,376967);
insert into hdb2019 values (394798,76,'AR',175410,176026,178828,182861,189941,194867,198561,198561,196991,195451,193050,192158);
insert into hdb2019 values (395134,77,'CA',377967,376633,379633,393000,408667,422000,430333,436333,438259,436099,436066,437473);
insert into hdb2019 values (394457,78,'SC',351961,356103,365044,373984,378484,379975,377888,371928,364448,359054,357266,356699);
insert into hdb2019 values (395143,79,'NY',143304,144714,147870,153506,159143,164244,165653,163990,161454,158635,157480,156353);
insert into hdb2019 values (394484,80,'CO',410102,419024,433000,440730,449689,455064,465779,467571,467535,462160,463951,462554);
insert into hdb2019 values (395235,81,'NC',245267,249600,256300,265150,276117,282783,285933,283300,282600,282600,281858,279225);
insert into hdb2019 values (395224,82,'KS',189833,194133,202267,210917,219283,223950,223300,219967,216333,215000,213300,208267);
insert into hdb2019 values (395115,83,'MA',238772,237497,242752,252111,265513,274841,278231,277764,275930,273784,266943,261782);
insert into hdb2019 values (394440,84,'FL',245980,245980,247085,247637,247637,247637,247361,246256,245124,245517,246869,250599);
insert into hdb2019 values (394399,85,'ID',341127,345793,355493,369297,381300,388267,388300,384933,380437,374737,371103,368933);
insert into hdb2019 values (395160,86,'OH',139900,141267,149133,160833,174500,182300,183933,180233,172933,167933,163267,161567);
insert into hdb2019 values (394816,87,'WI',314292,324543,336468,343302,346411,346104,344430,341320,336536,334794,333085,333051);
insert into hdb2019 values (394766,88,'FL',231299,231674,231708,233116,236209,238956,240401,239786,239040,237938,237145,236858);
insert into hdb2019 values (394931,89,'UT',376397,384701,393731,402381,405840,402727,397191,392347,386292,376224,369097,368228);
insert into hdb2019 values (394528,90,'FL',274767,274800,276633,280997,285830,288827,287797,284597,280767,278132,277332,277999);
insert into hdb2019 values (394531,91,'IA',276727,277211,279664,282891,284343,284505,282084,277695,271885,264623,258410,253569);
insert into hdb2019 values (395006,100,'UT',379760,383741,391324,396472,398849,398178,399940,402186,403534,401426,398696,398040);
insert into hdb2019 values (394549,104,'NC',362081,367526,376888,386265,391407,390818,387793,380533,372063,363261,358723,358693);
insert into hdb2019 values (394602,159,'CO',435257,436333,439075,441273,444906,447131,446567,441567,436600,434967,435663,435663);
