connect 'jdbc:derby:housingDB;create=true';
drop table hdb2020;
create table hdb2020 (
housing_id int,
size int,
state varchar(3),
january int,
february int,
march int,
april int,
may int,
june int,
july int,
august int,
september int,
october int,
november int,
december int
);
insert into hdb2020 values (394913,1,'NY',577667,579000,585667,593667,599000,601233,611533,628200,642800,650167,653500,658633);
insert into hdb2020 values (753899,2,'CA',851167,867833,884667,888000,884333,894000,925667,956000,968000,974000,979333,990667);
insert into hdb2020 values (394463,3,'IL',306500,309967,320933,328933,332300,336633,343600,348600,349967,349667,346167,340830);
insert into hdb2020 values (394514,4,'TX',334971,334138,335804,339100,343133,348133,354800,358267,359932,359598,357962,355293);
insert into hdb2020 values (394974,5,'PA',286300,286267,289600,294633,301333,311333,323333,333000,336333,338000,336667,333333);
insert into hdb2020 values (394692,6,'TX',302086,301703,304647,307559,311608,316337,322171,326998,331017,334509,336404,334993);
insert into hdb2020 values (395209,7,'DC',481633,486600,501600,513263,523263,531630,544633,551317,548567,542200,533883,528267);
insert into hdb2020 values (394856,8,'FL',403650,403650,405332,404996,404659,402641,402977,404996,407014,408797,407565,404667);
insert into hdb2020 values (394347,9,'GA',323660,323660,325663,327075,330408,336408,344333,351000,354667,356300,354633,351600);
insert into hdb2020 values (394404,10,'MA',574600,582600,597667,605967,614600,624267,640967,649300,649933,656600,662967,666000);
insert into hdb2020 values (395057,11,'CA',862167,874167,899833,916333,924667,949000,982333,998333,998667,998867,999163,995763);
insert into hdb2020 values (394532,12,'MI',225833,224133,228300,234130,245763,261263,277900,286300,283300,278333,273300,268300);
insert into hdb2020 values (395025,13,'CA',414733,418067,423000,426333,428000,434667,446333,461333,471667,480000,485000,490000);
insert into hdb2020 values (394976,14,'AZ',375767,382433,388859,384659,379692,378300,388300,396633,399967,399967,399633,399600);
insert into hdb2020 values (395078,15,'WA',631467,647967,662983,662663,659647,659647,668300,669983,663317,651665,639998,634998);
insert into hdb2020 values (394865,16,'MN',368589,379650,390018,393486,393347,393347,395046,393451,386551,378607,369973,369938);
insert into hdb2020 values (395056,17,'CA',746000,755667,769667,770000,770000,781333,814666,838333,838296,827963,814596,812633);
insert into hdb2020 values (395121,18,'MO',228300,231633,237165,242165,248465,254600,259567,258630,256963,254993,252963,249630);
insert into hdb2020 values (395148,19,'FL',275682,275682,276975,276348,277936,281503,288598,295109,299613,305153,306122,305182);
insert into hdb2020 values (394358,20,'MD',322933,323233,329933,339600,347967,356300,363300,364967,361633,356667,351633,346600);
insert into hdb2020 values (394530,21,'CO',510218,526885,541730,544967,541663,541663,546663,550000,543667,533333,522833,522467);
insert into hdb2020 values (394982,22,'PA',183300,185967,192600,197600,204900,214900,227933,234600,234633,234633,234633,234633);
insert into hdb2020 values (394998,23,'OR',459297,467339,473772,472839,472839,474447,485673,490466,495291,498507,506871,516520);
insert into hdb2020 values (394458,24,'NC',331707,334932,339666,341528,345841,351002,361483,366884,368819,368817,369550,370000);
insert into hdb2020 values (395045,25,'CA',510628,519828,525495,525800,524967,527967,537667,548213,560210,568022,575544,579969);
insert into hdb2020 values (395055,26,'TX',278497,278830,282500,286167,290167,293800,297300,299933,299633,297933,294600,290933);
insert into hdb2020 values (394943,27,'FL',324967,326600,328567,325690,322390,320753,325330,328663,330867,332501,333334,332467);
insert into hdb2020 values (394466,28,'OH',261300,269633,283267,296300,309633,322967,333300,334633,327688,320988,313588,311867);
insert into hdb2020 values (394475,29,'OH',179900,180600,185633,192000,201300,209600,218267,221133,214467,206100,196600,192966);
insert into hdb2020 values (394735,30,'MO',306343,316343,332677,342667,352667,359650,364967,361633,353317,346333,343167,342150);
insert into hdb2020 values (394775,31,'NV',321333,325667,334000,335667,333300,329933,334900,341267,344633,346333,347330,347330);
insert into hdb2020 values (394492,32,'OH',282600,292300,306267,316267,326567,336567,344933,341600,329967,322297,320327,323660);
insert into hdb2020 values (394705,33,'IN',256330,261318,273315,283285,291930,302233,310600,315600,309633,299633,287667,279667);
insert into hdb2020 values (395059,34,'CA',1072412,1108413,1165629,1192333,1192667,1209333,1238000,1255000,1254995,1248995,1248995,1232000);
insert into hdb2020 values (394355,35,'TX',324923,328902,339225,346796,354702,364137,375092,384613,391270,396936,400464,400346);
insert into hdb2020 values (395194,36,'VA',289987,290016,293175,297204,303621,308872,314512,317736,317384,316383,313001,308248);
insert into hdb2020 values (394902,37,'TN',358390,358423,360424,363774,368513,373624,380393,384099,387483,387517,387196,385470);
insert into hdb2020 values (395005,38,'RI',370519,373700,384188,394642,401949,408941,419464,424743,421282,410759,400271,396425);
insert into hdb2020 values (394862,39,'WI',219833,221600,231567,241567,251567,256600,259967,256633,249967,242967,236333,231333);
insert into hdb2020 values (394714,40,'FL',298628,301928,306267,307297,309330,312330,317967,319300,317967,315167,310467,308467);
insert into hdb2020 values (394849,41,'TN',222193,222161,225335,230097,235683,241079,247428,251046,247234,244060,242822,243139);
insert into hdb2020 values (394935,42,'OK',269277,273222,278539,281970,286602,293669,299467,300839,297065,294950,293575,292555);
insert into hdb2020 values (394807,43,'KY',248800,253433,264739,278206,290206,296567,299600,296900,288567,278567,267467,262167);
insert into hdb2020 values (394669,44,'CT',296069,296103,302258,310088,320311,328141,338399,344929,344929,341392,336605,333220);
insert into hdb2020 values (395022,45,'VA',329865,334956,341931,351241,361011,371046,378253,382375,380996,380106,380866,384967);
insert into hdb2020 values (394910,46,'LA',262917,261900,264233,269267,276267,282617,288450,293483,296833,299000,299000,299000);
insert into hdb2020 values (394425,47,'NY',203072,203072,206637,213766,224495,235224,242354,242318,238718,233403,231300,229161);
insert into hdb2020 values (395012,48,'NC',346919,349291,355413,359028,364297,369425,378632,383547,387095,389578,390494,390326);
insert into hdb2020 values (394388,49,'AL',266598,265743,267378,269011,273200,277900,281800,281507,276840,274640,273300,276300);
insert into hdb2020 values (395053,50,'UT',462528,474040,482884,481256,477686,480175,490828,496171,495419,491880,496446,507098);
insert into hdb2020 values (395031,51,'NY',210365,219626,235757,252926,261830,267034,267779,267595,260471,252603,245663,252787);
insert into hdb2020 values (394640,52,'MI',292933,297933,306267,313233,318233,319900,321267,321300,321300,318362,318329,320029);
insert into hdb2020 values (395167,53,'AZ',292883,294933,298300,298967,300633,308966,319933,329967,328300,323333,319300,320967);
insert into hdb2020 values (753924,54,'HI',643000,636667,630000,621500,611167,603000,604833,604833,599667,591000,591000,599333);
insert into hdb2020 values (395169,55,'OK',236923,236923,240040,246292,254086,263440,271530,276207,276207,276951,276642,276300);
insert into hdb2020 values (394619,56,'CA',351229,354478,359370,362097,367310,372861,382907,389466,391931,390551,390896,390105);
insert into hdb2020 values (395238,57,'MA',343600,345567,356567,368233,380933,389300,396000,399666,398966,393967,390933,391300);
insert into hdb2020 values (394415,58,'CT',704281,714825,727162,734226,744419,761992,780972,786560,778125,767581,753206,747492);
insert into hdb2020 values (394312,59,'NM',288815,295835,304445,309646,316880,330657,346170,354795,355260,350045,343143,338024);
insert into hdb2020 values (394308,60,'NY',271204,272280,276919,284341,291801,301858,312991,318928,318928,318928,318928,298738);
insert into hdb2020 values (394938,61,'NE',292010,300805,309893,316600,320816,325158,329484,329585,325208,322089,318985,318952);
insert into hdb2020 values (394908,62,'CT',299699,299699,304898,310132,321647,331801,345759,349457,348062,341083,335640,326916);
insert into hdb2020 values (394357,63,'CA',256272,257908,262432,264357,265961,266250,270260,277959,285691,293551,296760,293872);
insert into hdb2020 values (394753,64,'TN',279900,283233,289933,298267,307600,319267,332633,341667,339967,331600,316600,306600);
insert into hdb2020 values (394653,65,'SC',263379,266347,270823,273997,277076,283075,288046,289983,287888,288448,286609,283938);
insert into hdb2020 values (394952,66,'CA',782667,796333,813333,809666,804333,807666,832666,856333,868000,871333,864333,862667);
insert into hdb2020 values (394318,67,'PA',269209,272168,283267,291109,297731,300358,309237,316627,320659,321033,321083,322187);
insert into hdb2020 values (394561,68,'TX',204279,202855,202856,202500,203407,205187,208746,211380,213142,213814,213814,213814);
insert into hdb2020 values (394367,69,'LA',240933,241600,244900,247933,249967,253300,257967,263653,267687,270987,271547,270847);
insert into hdb2020 values (394521,70,'OH',178440,181305,193277,205935,217541,222945,223671,220660,217034,217862,217498,216630);
insert into hdb2020 values (394843,71,'TX',199800,199467,199333,199167,202500,208000,215000,218667,223000,227567,230900,229567);
insert into hdb2020 values (394486,72,'SC',216736,220061,224491,229021,232979,235483,238616,240832,240832,239977,239723,240890);
insert into hdb2020 values (394648,73,'NC',260066,259963,262093,262397,269063,277267,287300,292333,288300,282767,273100,268433);
insert into hdb2020 values (394304,74,'OH',152567,152433,157433,164100,171567,178267,184633,187667,184333,181300,174933,171567);
insert into hdb2020 values (753906,75,'FL',377000,375667,375000,371663,368330,368330,374833,379833,382245,382045,382045,384467);
insert into hdb2020 values (394798,76,'AR',191234,192096,195790,199792,204410,206226,207457,205918,205949,206689,210082,211908);
insert into hdb2020 values (395134,77,'CA',436300,434667,434967,436830,438480,445177,456613,469963,476633,483000,484650,489782);
insert into hdb2020 values (394457,78,'SC',356431,358219,364746,368024,375176,379972,388912,393949,397170,399704,401818,405963);
insert into hdb2020 values (395143,79,'NY',156916,159734,163934,171261,178053,185098,188508,188790,188818,189668,189301,187526);
insert into hdb2020 values (394484,80,'CO',460798,457751,463880,472481,480938,483410,487351,487351,482872,472086,464883,461434);
insert into hdb2020 values (395235,81,'NC',275925,279967,284963,287263,290563,295993,305327,306820,303895,296762,288668,281167);
insert into hdb2020 values (395224,82,'KS',203100,201467,209667,219767,234600,248767,261367,264767,264767,264767,264767,230897);
insert into hdb2020 values (395115,83,'MA',258952,263150,271732,283890,296607,308267,317876,324094,323286,321121,317289,310100);
insert into hdb2020 values (394440,84,'FL',253520,259041,263594,264836,264864,265995,269999,271931,270827,270827,271379,271379);
insert into hdb2020 values (394399,85,'ID',372627,379293,388219,393555,397189,403263,413263,421597,426627,431597,443397,453067);
insert into hdb2020 values (395160,86,'OH',159867,159867,161533,166567,178267,189933,199933,208233,208266,206633,196033,191033);
insert into hdb2020 values (394816,87,'WI',334760,340773,349316,356150,360387,363496,363496,360079,351879,347286,345402,350900);
insert into hdb2020 values (394766,88,'FL',236858,238609,240625,241655,241557,241570,243970,246715,249839,251783,253468,255713);
insert into hdb2020 values (394931,89,'UT',377259,388330,396983,398333,402865,413244,428814,435872,439297,440455,445842,452163);
insert into hdb2020 values (394528,90,'FL',278667,281167,283967,284267,282600,281603,284803,287803,289500,291000,293167,294833);
insert into hdb2020 values (394531,91,'IA',253569,257555,262565,266438,269016,272689,275271,274919,272321,270337,269666,270000);
insert into hdb2020 values (395006,100,'UT',400147,406367,416008,420312,425492,430537,445584,460598,473729,478218,483937,487907);
insert into hdb2020 values (394549,104,'NC',365093,375680,389322,394659,396746,398259,407061,417044,422791,426610,427040,426190);
insert into hdb2020 values (394602,159,'CO',439565,445892,457125,463222,467465,470565,475233,477333,473000,466773,463440,464440);
